653031698
651468073
645211845
641446069
623735182
599142115
574097036
579730540
530949760
513217941
514690380
479358592
469708961
510344714
475432414
474888947
492667903
472205466
504417496
480271109
446716510
457776240
441853926
420424519
433082361
405629397
410424878
394046169
368529707
386968916
433618494
360062344
374409743
375403742
325753140
167900089
369251789
382282229
379285558
360026502
378941689
372542912
325561636
401589158
359997131
393957491
397350662
168533607
326633405
161817938
154215472
150855355
145596012
152626156
309331233
312847234
318489344
150579143
363270579
162591144
139044249
112875926
128430889
142919612
173881076
120490070
147879537
312631347
138177157
158522324
102760137
123816044
471625968
171620267
108023418
112558381
116904457
155952966
157355280
95496420
95594604
111450065
306522389
126076568
98062372
422166547
458249374
86298295
152720639
86291643
99304796
94181212
138753548
76906354
132819528
158943884
86837306
91683594
103776741
82908712
374687888
106803320
113437515
114878551
81661926
