752937801
756400708
729913476
726239497
724468696
726335983
706224287
693772784
651106892
646816490
646548465
637876717
636216281
637566851
645820699
624744550
619147026
615180303
616677063
618275892
601366101
613283542
601122820
602408873
584365345
566527372
565589926
585113988
585401354
577849067
578652161
551869937
543691556
560375765
576621470
558925036
549579429
564141964
560065939
543948959
548095172
552555210
576559093
544645770
567844436
554095316
559607363
553001736
544958610
531517579
545932116
567100091
562521795
531613447
554903123
562541696
547522638
557709307
527405823
528332262
554027135
559736584
532648027
525610658
545030219
536007027
523275570
553493056
561917144
553603927
504548314
539331118
496993907
530811882
503146035
498932817
489039901
510372349
531845069
484100781
536359367
502440928
509450688
479816390
469708961
489249354
492641343
518306699
489270858
491000612
475432414
487403213
469610350
471625968
569671579
489243708
518289535
504135876
575305532
471925530
478693269
507373497
491172039
482602065
497990515
