756543818
728438549
722814503
714537618
695848000
694653464
629347290
643525970
596157875
598898618
588936021
581757179
588857110
561258124
578301439
561419094
582338416
569538230
544798906
553618782
538828743
529169532
526768736
529797807
536987046
499310952
532215793
514635316
499603231
500883248
491063024
499761920
484674415
504919744
529553288
502748760
527492044
479019009
518018483
514632511
509340379
500291842
481873219
499482867
466557692
466113377
473255574
480005027
464260149
534156765
445693458
485246553
455512761
444236380
484879860
488276572
466574078
440582108
455827867
470304572
495159270
456128157
486245163
439484002
439958166
463320302
435718337
430423526
454638351
450835472
454893473
446450593
420873132
459658399
477098871
440079876
450950871
422261882
412745064
437457370
433519864
413534916
404327338
465533256
452631545
394652785
394628284
405168636
393388839
429582460
410541896
390354085
410339418
405459119
396889300
397749420
391359836
444068702
420748602
393293817
399166304
368065528
382649300
384170621
369073959
