746984810
750647338
756027780
747794987
739071258
727258593
725568495
709196925
712161070
707860342
652762973
688689462
688588727
643560279
630749887
624649904
632965756
633869621
631511657
616055021
604667405
611677622
596346864
600618953
592265608
566297970
578647303
586186915
579393004
574654394
553129694
559992539
554698028
561456159
546247116
528303737
501419209
523688297
498708023
489482614
509017830
534970837
483716261
524406323
490929381
484882742
467170498
503733857
491060443
483087670
460957710
467795638
435679464
426181886
475806310
432595435
419023745
433193073
472389677
417802623
440558158
438933817
463308035
420455088
457604294
393559999
415129973
378324005
432874531
410501146
412638591
395182876
365959097
434526933
514947114
431672215
422717866
406886413
362391732
416019543
391887800
386748211
420895831
376527689
311692545
372614583
382971379
415506136
313138840
381064969
368454096
391876961
325596569
369793350
166049534
413559497
383525550
399307577
317566017
395987434
158632953
166145966
311355255
313142357
326457608
