526320458
583153765
495326560
490427203
486555417
503733857
491060443
474103668
472389677
445988095
466851990
440558158
311692545
416394598
367048038
321356343
170719468
367950489
150053032
137363702
331573944
140553495
139786906
138192253
151526492
102689614
130192635
107011540
100528456
111437004
142014460
77532045
77632657
113454510
63030569
73609169
83858435
68480859
110979938
123400766
70136204
69140742
109346819
52228898
81934414
87315875
98232240
87168755
44856356
46426956
51268436
82571675
99065712
71555203
55975969
66324601
49534346
51137859
41213953
34942747
35778791
59879631
67589296
16205038
23217655
78744221
37908528
36589739
63280569
47559603
25672118
55467862
59452217
22910855
84666979
43187286
36202200
12573548
15439519
33219454
11949047
47560374
32806631
42022886
11730271
56029207
55475479
47745794
6251557
54517148
26454685
6005439
38230384
10983356
35072212
20729739
35111495
11813833
19925940
9752049
6924074
1528498
11495338
16188498
4739132
