756027780
711058584
688588727
638804622
560375765
553530222
493753604
520087861
467795638
412185097
450211335
437397645
421534571
378324005
410501146
395182876
399838969
434526933
404723973
431672215
406886413
395013438
433618494
377781631
372614583
368337689
361631853
369793350
375474055
383525550
166761454
359925626
149591807
157571995
162243418
124690607
147879537
132956193
138177157
372905126
132536818
135218386
129395120
360951884
310336859
171620267
152161376
113628993
329641066
115596204
373380688
155725141
105327099
173990278
103855351
120437393
110919611
101783092
152720639
112323323
97030999
116321252
109442954
99437012
93576649
93043295
106121217
93704281
143612892
81856656
114097864
81613236
129615262
86138721
132132071
99134132
77423353
70382160
109048553
84955917
69822269
76935039
85357963
108375825
58384319
150631861
69496577
67804147
55460066
104866748
107434624
69590790
90846375
40438292
100530093
52008103
44974146
76644743
29064218
45374901
46689697
37701465
58362636
36460877
89912063
