716285984
708477487
698171803
598754414
583004327
577289398
544359872
540078515
564042218
518135775
544244929
488941799
465774843
465596578
475787237
451034509
448372545
487769855
482291575
437009115
425678763
467287208
453823485
407855424
425801127
407566519
410481242
404715790
394749004
388392188
392034479
424657393
392744974
403459869
450710463
428109071
386911616
407092265
365926257
331104108
421761694
372580231
392637720
321046377
366713739
316662402
325596569
376243896
329083694
367048038
362490388
378486272
165059380
370457419
165164853
168314790
321864746
329827555
144737742
149049651
152815537
147273593
140388016
158851527
160784001
310303713
141740010
158030614
311094872
170064197
163484268
321935280
149105495
133099847
118321798
363869454
160661038
148003059
140553495
152312924
127419786
133218697
149106538
108730657
149011938
108623096
149119321
131460561
115150783
102761034
108025596
149006931
173756671
112153610
110495974
95170863
157228719
97962878
111003038
157545235
96153202
149052597
90342051
115153856
101978964
