754024661
753860093
733787899
716136265
716626478
714598394
700734626
705996331
705123491
697601210
649646170
636620848
645784623
628954650
627588337
619080394
596729952
593335009
576183806
569020058
561181842
540230671
562631883
556073674
526859085
531534293
526561509
550136782
505744156
513559035
503054590
482275752
479166638
450937012
445693458
437270067
455531058
436763890
449531807
429995284
417794815
415562159
435594187
467259629
421163316
416282864
416512171
704718426
448497943
635550377
436217431
634113853
445434780
420837536
392030946
619070815
608856614
430147705
608846334
450736599
399138129
399368407
410426516
436214747
393867980
394652785
454491555
388392188
410291102
433393931
375249568
406729290
391202625
393054917
437130452
367852058
391888966
383411452
361831014
423467010
393275514
330695641
378895309
389481551
307496834
379550555
394335427
323969312
166397998
378411149
150500952
362053011
368042168
361462078
371070518
380428652
376909263
153455994
327656880
168451231
324905006
152235296
364411309
158699641
386947299
