744381058
758106745
745146438
749021123
752190307
737535139
732473740
733782317
733182247
723609586
714871062
700734626
705393795
691394551
639748708
651238115
637430360
639105894
622277688
619080394
615318680
608776794
590732385
593335009
596234473
605613765
597822719
583683509
569020058
574746414
564322156
576942375
554557890
572967774
554370981
566430730
572160983
532215895
555255796
526238949
534543447
533896713
528176036
528677950
531727881
539694194
530085643
534306881
536007027
521679683
532974752
521722509
554882707
530122087
521479266
522634937
532703590
508352301
524059759
502783209
501989383
504557355
491000612
508487593
510481675
507529252
472343940
463942975
493105778
472730790
473591448
485266912
447362502
468931329
437270067
461792336
446016428
436763890
435064329
450380819
457617605
454794993
440778186
462253391
468176723
417794815
484222732
454199795
451592987
421163316
434687869
415484014
407940023
412006720
433228852
466274335
429143719
431399450
437149706
427903663
409933862
443129833
436217431
420182616
420529731
