712686755
704712255
694594953
648905532
636959747
642386905
623735182
576448382
583897738
589362044
564966607
607203241
552709006
530949760
551823748
555687952
569712372
526995365
514690380
521125910
486899256
510344714
510024480
474888947
492667903
472205466
493247208
472122631
520087861
480977621
472883117
431543521
472371327
498808924
470724373
505138547
401710949
444072474
442291054
405611911
405629397
396000400
410451762
413476459
381941597
387894343
390405304
366651591
370268447
391888966
419567753
374887467
414777525
166397998
386724843
398335054
392006026
359997131
375474055
170835368
154215472
168451231
154014041
314017450
144293485
132388790
323439254
370390121
325442960
361266723
152713297
309256957
311004731
321943243
130377237
134648392
162019908
143218209
309871204
153683387
171085821
498832570
116017089
122455883
315876769
138932419
94196803
109622860
154639268
112957152
111450065
109086929
105850265
120301403
120097291
118298363
95283034
119713053
107017164
77289895
117552486
79429881
101051505
95134811
87772781
