541294014
465917169
421358274
394652785
368214813
367000697
386662256
133619338
410791151
324178717
165176372
308918704
321034860
141887195
113335531
104385055
114606798
98317854
106704742
99044936
91718951
116109860
93397334
116523888
74996072
101364103
102845654
112300993
103740328
71736268
80451840
75245058
91174601
104333814
113215380
95233725
93983903
44860452
90380754
61069982
79769344
64150598
99207293
75787346
44464260
86691159
76241326
67359086
99591024
96964384
91930295
42549126
82412153
97970900
68451067
90979735
107986260
50918605
66768273
47021724
53907271
39993187
77866045
46527111
51176302
48315272
63267956
66545954
70966122
55884156
65150480
75958586
76347596
59942543
73899746
52502556
47874516
13537435
33026270
35608485
6694030
35550330
33963829
9145355
47036573
35322452
11643441
31397648
42022512
22357489
21039171
21209969
6490696
24442732
17343248
6648874
39774552
34189434
6041299
26578343
6718122
22257528
25251174
2007031
12144058
