712686755
756607636
712161070
703084172
704718426
643298683
650618770
625214691
637754830
627263670
623937946
627098028
596157875
598751358
593842692
598898618
576927891
576448382
583897738
596864795
572851359
582337886
607203241
578616870
574355332
555128063
563184635
544562143
554140247
555687952
541910254
569712372
564962199
529797807
542494396
521679683
534241645
525549316
525540395
510509777
497467936
521406812
525206355
512418187
511543454
494725290
528451908
482256233
492843611
499225166
483876526
471550572
465977205
496431290
482739835
485638418
489993715
465745470
516908967
450937012
491303952
522032036
440960318
472733695
443592163
486781558
463489708
444618290
454704843
461494171
421740333
472466613
457863307
447606919
402266848
442525202
400827023
437122179
440502145
420837536
390141240
392514661
448443836
410501146
376067743
413527003
420736503
422717866
408703414
367304324
423666021
385463923
371183889
417850811
393671495
368952141
323097642
377188990
319777286
330695641
385423132
328572508
310403296
379865095
163664981
