424250418
753860093
733714361
726228034
639748708
637430360
628954650
621155019
631148257
620092388
619080394
618706112
615525041
603192070
608627530
603132384
580630743
580273110
577991289
583683509
574746414
565103184
572967774
564955433
561465795
559218250
562631883
574901226
538436450
553530222
541910254
560405847
545626123
552776960
514863848
551583211
559736584
520172117
538094314
534773499
546755622
542346931
514672204
531937357
505744156
503146035
525600105
491063024
504557355
510678470
518295453
532844441
468233586
475155508
483632970
507198828
499146050
460616837
485266912
447362502
461665167
444349258
461792336
471134458
463128721
428814313
457617605
486245163
454794993
445302724
454103593
441299827
459139271
441853926
412006720
430657150
408853919
448497943
422571854
475720915
443129833
420182616
428683562
418782204
441692912
464884230
445737767
415578312
404327338
399138129
383654411
392493756
393867980
404203653
395280061
394046169
374644248
377126638
397749420
409468897
399807715
378083968
417921869
397325015
409914826
