760595064
727240724
728981890
750647338
716136265
716360960
701535315
653031698
652762973
645211845
691465241
637876717
643494174
637381763
635816787
633184280
635893096
621803534
616677063
596729952
607138638
597005164
596346864
598751358
588309787
589362044
589627122
580802285
579018895
576124317
576621470
578616870
585957067
561465795
551823748
532173262
560405847
564962199
531727881
527405823
545030219
542494396
535980607
524413777
498708023
502783209
546269061
479358592
511578522
478663433
498747467
498174899
484404755
502419075
495265038
465977205
465774843
465282268
465745470
467824586
491654366
479638158
462831895
492855445
455848617
453131985
451012010
495557785
433698145
467128079
586020350
447263649
436965906
430117925
467383359
446263777
559992539
463553285
469478621
531321323
432349931
414547231
435594187
444475461
526859085
416282864
407940023
419273136
420455088
415491808
472466613
454847658
431924172
447606919
429003901
453643590
409558070
413367659
431966893
437122179
454230355
439273212
428681070
425875431
437753931
