630781402
619547371
586323067
582223382
534516707
546247116
536987046
530085643
546755622
542346931
523927346
524285400
531502519
489482614
492702048
490929456
501823548
492702039
505557489
462019397
506404164
465297820
461307530
503733857
467648073
474828023
449352206
450418805
437397645
443787388
402432339
427682833
390791322
418056950
441692912
405454894
437144251
395540815
362363365
365959097
380222029
377832378
364756595
377141573
363551547
409058537
316223640
375419946
368767710
377284867
417868179
386670211
361579943
311748797
368500474
319623727
317244214
173762796
171254503
317129017
307122323
327491409
316209835
400126432
158632953
379623476
163687644
313142357
157370113
310800054
159018501
367950489
326457608
149591807
367004566
311737711
151507935
365178581
149768106
169990036
320389057
316621203
149993978
164863674
138692757
123366361
145834585
156341001
133203413
144592594
122137905
127758532
161254186
108153118
127103627
115063515
471134458
123908626
152897687
152161376
124862634
115276263
126085530
121557995
113859614
