520709966
501823548
481017776
457288674
438400085
450001862
361255710
160235747
310230899
134576406
140786447
163572431
151946077
99821614
91889964
98256842
146329606
65054245
113789814
68306703
75172786
56969941
80000400
67491869
89198177
67193448
71368783
54064296
58658076
36934929
47194735
73639412
29198272
74035031
102398476
49589756
43573869
29622426
59808429
60564972
33688072
23054045
18106345
38165989
23231841
35578893
23006376
51993827
25919727
685807
4244755
13245809
8049074
607606866
496038922
465847073
431917491
392605909
379401281
320963291
313654205
307958730
307885680
99736079
85973799
87990442
91676997
59518138
56630024
59514269
59513422
44330774
34411909
29653123
21026820
4418225
170192
452878237
438055460
438391412
413389033
380675303
380645956
331291406
315514848
325598579
314542536
149021804
155986781
134695872
146891516
110917655
110623352
106718214
108829916
103137863
94207222
94872513
93536913
83237376
101669039
98822323
96792518
95963921
91290706
