533854384
437420796
413314847
409506930
443557215
316992747
147282477
132956193
130784987
86938236
86467228
94987741
129615262
99650037
127734915
60603328
88145323
65997222
103424898
82470227
51555949
43561355
42971698
96785183
45758187
46640050
55330854
74537535
35512471
46687853
43573869
33058091
24273431
18871544
45241093
42606181
63747194
44854133
14532820
20605006
54387458
990584
33933674
4957356
18980365
4244957
5817641
690439050
626524286
602020189
584058091
522542871
500765335
501486126
509022042
492039650
411573539
409659442
155900119
132776239
121500538
107941622
111293528
107836351
92861236
101773246
102887037
91499549
87328672
104886101
91150460
77199442
80810435
64145689
81781083
55673914
51425247
51860244
57874509
56635143
46597880
36802894
39278982
40765611
35421507
26359836
43310184
40306592
25409570
16245167
24618812
12761184
15604494
9910572
15182339
16469064
13161178
9041178
6798962
621859714
813345
493392606
438055460
413384262
413389033
