729422841
648705268
632861924
630781402
638804622
619547371
578225282
570337575
544658715
519977571
513723652
509210263
490292121
492702048
492702039
509450688
504417496
493247208
460856603
450285333
481821393
445000979
444551525
462253391
449352206
452622880
439974718
421534571
400541624
390783436
412667860
446586417
406059497
382716015
397384062
377539909
399838969
373610033
399346666
374644248
364864549
374409743
364494492
369642821
325134978
375870180
308289989
314718438
173827967
400126432
363297143
139365375
156936760
159018501
309331233
157489348
172314078
365178581
162431163
119976178
149768106
129486540
155446483
169370703
117334071
121330813
169364397
128204119
102760137
148496585
123978139
122137905
112711043
108153118
121557995
116904457
132636110
109500421
91780275
99885254
104071808
125964330
135082715
82300950
95992137
462958772
110112243
95283034
86291643
81899530
119103526
81257473
111464672
111580598
81256396
111072544
81251255
85808561
95134811
77885028
79888456
97313602
103027471
82933914
94120764
