727047864
648905532
642386905
635360362
634770807
620092388
593496993
577956005
574097036
565780133
561611669
519118660
534314193
520172117
513197707
533854384
499007516
504557355
486899256
494453549
482655706
469610350
498747467
485575262
464062263
469287262
477714818
464456821
480977621
465832623
468931329
469962932
441658772
431543521
445000979
446087347
447263649
458750265
472371327
457535966
453823485
459320450
424496481
409527729
456673873
399443851
422571854
464813051
437144251
423330582
394883861
374880368
377479765
404349471
427272442
399944737
370375044
394144054
392343488
404931456
326067461
315794659
310719068
322756924
167314544
307277647
307460409
365889243
168050506
368032472
312598918
173827967
147579307
170954950
365106949
359929371
362672766
307182056
327953697
324423909
147971806
164039986
127988235
125659126
317895073
128563411
128204119
118613741
158522324
113331472
145781917
112466233
112711043
153683387
172977034
102774299
110459831
110328076
103979273
102769145
116017089
122762652
107220494
129915997
112807165
