424250418
731267515
651788235
652482184
596987194
588309787
578225282
595268435
589627122
570337575
579471092
545780979
564171812
563184635
547042606
529641310
531739512
513723652
528065582
495326560
502783209
494725290
527314524
483859664
498174899
471117882
486872242
471550572
490257777
459209079
466248215
452068273
484661768
470439363
476724110
481727587
468323176
438822009
486951031
460498812
426581290
425618393
392554519
459205276
420529731
445714194
431187304
372151099
419697062
368337689
385423132
400017066
310692271
362761144
394132132
360787464
309864469
384291790
319917552
384325212
310800054
332197139
534314193
157489348
381253153
154104844
155926028
137669736
118532063
321850931
146040832
502419075
138692757
174008715
144286501
171840162
163955593
136967727
134178192
168257653
142438174
132536818
123294090
323826435
121933073
127099391
315671623
104691618
111824520
171182818
121179621
105327099
97724170
124767270
109716611
79372899
161289520
109038030
99168565
84564978
89482009
84294776
107251296
86645973
111452213
