758176730
734019883
702531269
650864812
633322322
601366101
616809515
592894821
569671579
558781183
575305532
572918883
544565986
554706289
560100249
577061041
560405847
564962199
535558356
534535741
527019982
532095593
536007027
554882707
531733453
515766504
528424029
508943536
525957448
489249354
483859664
490432552
471049373
495361382
502806190
464159092
480986236
468292681
460529238
461960022
486951031
466150857
478370226
438831160
428320388
414219514
418149447
466703186
443914809
420602292
446520873
462129918
454230355
415578312
418125710
450911838
387713237
427111012
432047836
393293817
436318360
405500011
409022493
381782560
379907915
362257884
380427735
424203118
440891859
361538110
400017066
320653199
360743304
316992747
311034725
331982219
168320395
163118334
399818127
386887216
169211037
365737852
309119193
157850478
322070275
326457608
157571995
308947638
313762633
152431555
149534143
162431163
150507949
318988572
375819843
154754465
311375952
171911804
139044249
377448064
161450341
164863674
137147828
117429667
140263849
