752785631
704712255
695562399
611677622
602710788
531534293
522097627
534516707
528848468
546269061
490038836
451018423
502806190
493750084
486091967
431036830
417495929
436758908
405730056
460453251
444072474
465055284
434526933
362391732
394654892
380222029
409428210
308213605
372614583
310222665
165653676
124092915
166491247
390569534
167114289
390746221
392047228
321850931
157133459
149715466
102008316
165193735
309120188
316804762
132820490
145763489
138915017
136111801
109317599
111450065
133798623
144108135
115639705
113030239
161739533
117684572
117041461
83315865
129688012
110523280
138997868
102760724
93059060
100733804
101636578
101743246
98506314
112371216
68493001
91777377
158569279
113016916
77695007
88714312
99629296
89335883
84704598
65173180
93547866
93603025
112416419
65992714
70136204
68517965
68546238
93552519
98623599
78284907
66703246
70382122
93360933
63898804
70775595
65127255
77483951
80324956
79707286
46233376
94282286
99954391
74065706
56230165
71354528
99796070
124143745
