727240724
748435904
736987760
726676006
721109251
697857474
696174417
688689462
694594953
651982518
625214691
628835100
613482996
596156295
616809515
608627530
597003652
598755068
598533120
578499609
573704859
568051025
572918883
551902217
577289398
543828137
553961017
524357723
550125807
542346931
554882707
515266342
499564186
520898014
508344254
478663433
492551967
498174899
465282268
475840410
459209079
521478352
479638158
447955781
491060443
443610647
441658772
492048001
460233417
436965906
468176723
478370226
479325890
460226630
441093600
497968708
435594187
419273136
446129294
465212296
462154554
481134845
454847658
392554519
417570097
591585623
388914853
431966893
395448588
427853481
391473617
411375341
479137272
412528130
450911838
427111012
382020161
379386925
413476459
424657393
383881233
462135944
368997768
389174346
372151099
383809385
387046097
388406296
420895831
376781141
447766929
392637720
404701580
376287519
366081843
385730462
322071736
313197201
160023241
165974833
376567747
163118334
331390615
157290336
313071918
