637718317
598470417
554264269
555309643
530429635
539331118
475190202
490119045
474610541
495864157
495981341
464766605
443927437
495679834
444431064
440765032
366828050
438466251
373807562
360222131
363337183
369813478
374494834
311960614
156936760
306946192
369641589
323207654
140922342
165336100
169364397
307724875
118629901
149201675
162492929
145112955
121743478
140599705
163975266
323337276
306726029
125882066
103855351
116679602
134686219
104101308
154282535
108071934
112323323
116321252
94040780
87138900
98677793
90195344
93704281
116504951
108439184
83731192
91068376
65380282
119664066
78718155
112145669
88792407
114878560
102839726
99584726
135945585
68220316
92853794
108325325
57369150
59849208
69822269
58406391
55990720
85357963
108375825
60370763
125339189
93303640
70679583
46636143
68224384
88707714
70924229
73958371
69547612
68426244
73744751
74062063
78753997
42491842
49522153
81145889
41914924
101468869
58577335
76650286
55719314
92284660
82988414
116605414
54468559
39281339
