528424029
420602292
420233868
380427735
330016651
415465753
170719468
159172233
162256177
107077315
151345155
143199114
121705995
97451000
99263994
100469603
95224531
98441071
88844032
99579772
96727070
121721977
111539821
86545090
111160909
84271113
88587090
70022714
95470473
112442051
47436522
52228898
76137493
66260219
72899783
61296468
61963674
57188031
92797830
60683689
67958365
34582203
66315033
86488014
40209556
41265235
32924093
82339919
61371218
40191721
10979201
51717588
38656749
27352429
20424264
11767398
8501903
4240750
18591088
9256011
34290171
3355975
46372120
20873912
4168537
13601597
15952433
2822102
3993635
739385125
715022747
702249259
693181332
628252760
579281915
543194757
527515914
501381811
448776732
450268862
438250481
406998852
395041735
367366296
392330571
172475803
44856356
156279912
137227535
130853619
108955540
116952593
106544071
97223910
106515143
87988755
86850836
86550901
69498836
65392938
75774172
82963757
77217828
77524523
77068642
