637381763
593501722
586020350
552847939
513217941
524406323
498376876
503311851
483876526
474610541
460222301
421483007
390783436
447421936
382716015
369642821
415506136
383640318
311303407
367718369
309229858
121330813
321246961
310230899
115836920
107140212
135218386
139740500
115882749
170333260
317890055
114926606
173802766
125444617
131783365
91354844
309458096
111527922
141419067
94919640
127680613
94849446
103776741
88072372
162228877
80207181
130172932
94356202
59803139
59587393
96992352
77966248
39328480
65833597
49862906
108820549
47520778
33745935
110419231
30183960
24005823
42178981
52174126
36304892
48890216
31530770
36697482
10829566
11842519
6948994
29240664
59610231
23000230
15590742
6948540
10422657
31939030
7016389
6853747
24304368
719368908
653182086
646013242
626754572
630732351
104071808
580183910
571183001
581976791
535311916
549143439
553373875
530844337
509265479
490812647
494902701
490963173
490540146
481203662
482822953
463282116
443350541
451654428
446901070
408899644
