752190307
690229608
627098028
566430730
573275240
567192108
555255796
569732286
538623759
545626123
536987046
524380397
547742464
563340414
544793414
521845710
499603231
513943513
518295453
525998610
505629012
472730790
498909871
479582169
461033728
484593436
448779684
460957710
502928747
522297130
426582532
436300144
466851990
434687869
433228852
436646632
431399450
465212296
420873132
437149706
430528649
449712103
464884230
415578312
434946550
375661355
420833107
403047505
387620606
390356622
429882687
377479765
391608412
373253061
427711155
376223989
379525365
375496475
391649542
319777286
401352337
418982767
328844088
323296132
376243896
414075749
364505127
172276778
397820493
391500068
369987034
315333833
396408521
308111340
315357210
361462078
370192717
172977555
168314790
171828240
377911332
376242008
327942716
306425514
149434599
160501092
364715736
158851527
149467337
328315335
327208307
148952129
144445741
152413803
137704683
152401068
145520511
320119894
320663155
123463368
152398196
170282843
143540220
147682434
129585069
