596801008
554514115
559218250
563184635
553648460
553571661
534535741
492142281
521406812
529420928
520206105
478368657
511578522
491815145
480562153
492196430
472266740
469962932
463489708
421740333
415891731
456806968
446602312
442525202
425720476
409552653
381555926
427381184
429527277
394883861
389169195
419697062
319116551
378495171
385423132
318924350
369753583
317613077
406654462
424445595
366106075
402734790
410529151
366152507
425629537
368406894
361462078
321961808
318089805
329827555
309119193
413661840
140592496
160784001
324423909
166716641
140090376
542571527
128652036
172687453
109940643
321423643
324321437
146585515
131789120
128697656
306374594
124463373
103615850
131467724
163695210
114859554
144302428
107259141
105034202
99525426
167964496
157228719
97724170
163951456
171474448
79372899
84564978
114168649
136736171
140781525
148176447
85033233
434939747
110910171
99259257
96636245
119296283
107929337
414274228
127240946
67754818
81413830
95496216
86091196
71577395
408892882
79568741
109369328
76767933
