736058821
535231668
756607636
740357872
726676006
690229608
688689462
649048229
650618770
636959747
638966859
652482184
630313013
607498262
611398329
598533120
594932696
589864631
578499609
589362044
585401354
581539992
574654394
574355332
577289398
570354190
549394614
519977571
550125807
535558356
544244929
530243349
513868833
535306305
513197707
511404459
539755319
512490371
518102798
499564186
503872899
489039901
531845069
511688604
479237278
493753604
524859231
483859664
499977695
451018423
472122631
488920822
522288436
467824586
491654366
484661768
459785572
451012010
472733695
468292681
456976575
448779684
504517672
426341835
460523161
457535966
446112634
444475461
439974718
426581290
428320388
426614575
459320450
419273136
400541624
405730056
460453251
427682833
422571854
416140238
475720915
413367659
437122179
457200953
448014767
426754866
427853481
391473617
432359496
382020161
431525502
405459119
330634870
463510808
379848005
419503939
409043413
390941730
438032090
388406296
435958982
390877330
388908004
364531481
424203118
