736058821
760595064
746984810
594277894
759153394
753860093
745688704
752190307
739121492
742591247
733122887
733787899
732473740
730426023
734019883
733714361
727047864
723609586
728438549
724406961
729048808
728273081
724710906
727258593
721109251
717877021
717650125
716360960
716626478
714871062
714537618
711058584
713842353
711845605
712299048
702453759
701569273
700734626
713356174
711618223
705996331
705922101
698720887
707277791
702427005
697601210
698171803
695848000
693545240
692469559
691394551
694287750
652200703
651468073
693332955
646816490
693321325
649048229
650440397
649897332
650523288
651982518
644720353
650864812
636966679
637430360
635550377
622954530
628879062
630749887
637448605
633322322
635816787
627588337
635893096
624649904
624049017
631148257
632965756
633869621
633823671
628835100
619147026
610219424
596156295
607498262
611759363
611787795
604667405
596729952
611812131
598782269
607138638
591585623
588661675
607377860
590401501
590880801
584365345
593335009
591754543
589864631
596801008
590990878
577991289
