742591247
711618223
694653464
651238115
616055021
613283542
603132384
614127693
594421944
582223382
576445135
581583142
564066304
578135122
582338416
554473977
568339147
550808064
542070729
558014244
554706289
533197318
564744076
559586240
522090915
515365352
554154966
554551562
500471426
560671446
524285400
510612177
516489164
531061280
533183986
526672869
490140846
486099244
548907826
514632511
490112673
491172039
506404164
483632970
511084570
490341153
462831895
531257107
485383648
466691038
490457866
470939502
490173751
471818658
459074748
482615270
401979598
469116526
552167781
553306153
457900359
389272119
405703309
404018680
424502567
431515544
434173048
544064129
377126638
382240905
408813225
415319897
313170456
378895309
327485496
326790913
419197715
430472612
417868179
395661759
150032455
378411149
323970376
364206416
399497882
385394129
147779487
327499049
171095625
158699641
386947299
389197217
162222789
366300308
363477596
132086556
128251515
137331864
149465609
306993399
133504155
133099847
143996375
137363702
122527136
