710586679
602710788
570348420
554264269
552847939
544674189
548093292
532173262
536323999
524722454
518899781
525123394
535980607
511825248
535619873
508300767
500091783
517472304
519913952
489755234
458945175
483457536
457288674
482679742
476439182
441485326
464766605
435718337
421623277
416140238
439842737
444476014
426754866
396991137
444234917
446433360
414608489
389296170
380222029
425651487
379507279
407587532
387894343
404034908
381782560
386026748
410786912
331010417
324531812
381096540
322646247
401493140
385751345
428037048
369813478
382890161
316406352
365771061
172058556
327805144
310819699
376322947
400787180
312345297
321826397
160371289
321679765
158899582
163844342
148832884
154218589
132770152
310539989
385629797
124162247
150850016
312161833
115900031
158479548
157186310
368616698
103547763
119014032
169287970
319155162
134834401
307471295
134298999
163941390
126938674
113506081
119401475
152429952
105034202
111424091
319509367
120184295
310840754
165025555
142249540
309387398
109597827
127461274
167884793
108158612
