594277894
637718317
569324241
522515335
474113994
474147013
444431064
310460191
137948932
325723071
144592594
382795658
306726029
114318411
309619907
73881246
130675831
94551343
119664066
75694690
112145669
104737471
88521644
64694149
77458276
99339836
51268436
69547612
68426244
42491842
44767996
74200261
58577335
76650286
55793856
65638479
64018973
46917113
69378624
55467862
39359785
72764814
16580959
24479685
48890216
53838002
24797938
37565008
40901701
36553888
13309961
16441294
10862326
44259440
17898986
30152108
10455152
13278543
7796143
23086268
3294108
3866151
8020426
4101161
226324
599606509
600158935
572868482
531012520
528846558
524924735
513718654
468455499
475682218
416170402
393729314
367179654
132605975
92211292
85481936
75030653
47310040
64907776
69240434
72797242
58475071
49106222
40423341
39748966
47359618
38516723
34113059
21863528
8954604
8872001
4553188
2601255
369792
273279
335802
509176160
482205899
484835597
471186543
426735656
