579954098
754444323
708803655
698720887
705393795
692469559
630529043
639105894
628879062
618244102
611812131
590990878
576183806
572851359
571472133
550994494
563958257
561181842
562679879
531424644
530269003
519341391
532701482
490292121
511635541
514635316
525600105
486707946
511578522
474663556
511406243
504135876
510481675
488898236
491815145
509469762
459546495
491654366
455178293
440794419
479128484
471951676
429995284
493836892
479325890
448634766
477131682
414411661
466274335
457863307
392030946
390141240
446239218
433393931
397013998
366850364
391887800
368214813
409022493
325753140
405733645
307335057
371880058
307073850
379550555
401589158
318147520
171254503
164159000
153455994
316505831
327656880
331390615
361154089
310800054
310148296
320161622
137780248
157571995
172595349
131149308
151948120
309550294
146040832
169580031
164863674
138041123
315877580
168023678
146922544
311321242
136485707
131826220
127782748
133817432
155514687
146176819
155951473
104246463
113872421
105505220
97036179
94184123
114559085
120278002
