642885612
509497517
528065582
445714194
404203653
374880368
321861730
365889243
164889454
381135831
152159358
150053032
149463680
158552945
161434117
318327362
137406091
97344707
117324846
100528456
113976543
95076239
100076121
125003169
108085352
86247660
63848026
89619060
97952671
62871476
127803003
106324252
72566548
112846408
83131342
63860081
93753050
46426956
75083232
81141744
68501256
51507425
96437737
50270646
48189819
97034027
36460877
57240818
60002727
59157129
53907271
36589739
89324377
43265180
44585854
99789000
44169935
34117902
46132538
12615267
23842680
13275803
81006721
36922509
53838002
52746219
54261849
40901701
32710416
26235906
31091683
24421420
3927615
11586642
42621873
54517148
16441294
17898986
4263174
20729739
5993084
7096416
6316816
2013728
711072
8870338
4578994
173919
14955263
409872
1121402
174820
174831
4633229
314832
745475279
705833533
650581689
594763827
589452968
554189814
518921836
470714265
479464332
442355750
