740357872
703084172
695548456
644883057
636620848
622064425
634113853
629233197
611759363
597003652
597005164
602119310
593887116
586323067
564966607
544359872
540078515
553961017
564042218
543621030
508460812
490929456
483565844
488941799
502040891
507496157
473302107
482739835
451018423
465297820
489993715
455178293
465943135
450285333
449531807
471951676
436076474
428814313
430852544
452622880
438388137
441299827
476247645
414547231
446856361
421294957
407855424
408853919
449328512
402816419
402266848
390791322
405611911
399315380
410481242
401928926
380725136
376708355
402572086
412320364
596987194
410180592
376067743
417837194
365383154
392034479
373610033
585970336
417921869
330634870
386203337
403459869
366651591
370268447
377832378
321013221
370234228
363471593
331104108
392317241
372579971
374961279
365275682
364639268
316223640
324032963
323182894
316048057
372180300
394132132
161252962
318360776
317430320
365458936
314075240
165059380
173762796
172760604
320473339
151467379
327606019
139102039
367004566
141740010
162143753
