579954098
754444323
739071258
737535139
708803655
703084172
600618953
576927891
589627122
596864795
578647303
571472133
563958257
532215895
546755622
538896360
484100781
546524732
505629012
484323211
512272290
472122631
461307530
483087670
445220464
462521838
462958772
454199795
402924168
460278381
406837740
403047505
403674786
370685466
409022493
370268447
417850811
378495171
401314020
381342987
390307870
156426179
369479222
314017450
359839275
370390121
408759887
365457891
383133426
372694544
140263849
144650286
172088784
320663155
121933073
171085821
318493153
146047737
124748560
152897687
135857409
145375319
133817432
153271220
143199114
155951473
124767270
105505220
119424026
98940527
153432203
163070346
98627706
118607701
78823637
439741026
127240946
116878020
99709344
123942189
123068522
78714550
71805816
108300624
83191464
72541898
62236637
87597171
108275851
111105214
98171008
103089447
70748032
66092276
105080507
66336187
42239298
83575674
46515877
75739687
59135350
56842248
73688401
81787154
98557169
