710310595
709196925
711430502
707860342
700814566
695562399
632861924
638966859
642475802
624698190
631511657
612835133
609399925
594243151
593501722
576448382
575086210
568832291
582337886
554557890
586186915
555128063
558519610
564638266
576350246
549547087
553648460
544565986
553571661
554140247
548197683
549394614
567324779
560369416
534535741
515365352
539944359
527595428
530429635
532701482
544384703
528065582
514410905
510509777
540080155
505170318
516112812
534247369
500883248
500282249
493708111
478368657
527492044
508344254
484323211
517860594
483876526
485638418
481505626
480654998
503256316
463849996
482679742
474828023
448716750
486245163
444618290
452976818
472389677
426582532
476603252
542571527
524892096
458880501
421740333
438933817
426614575
462001803
405997833
421483007
405730056
418149447
411796573
401389691
400827023
464813051
418056950
440502145
417185456
410807216
383643713
387713237
448933507
448657409
397072064
431515544
394173309
377539909
410751721
383483122
401500338
408703414
403444357
427778801
384943566
