736342985
618582694
588502593
571491346
556258141
558519610
555808485
579542802
544674189
544481602
547087584
558031150
522672417
511825248
503381448
535619873
523959607
525916584
510754918
500026480
516489164
500852804
529593341
540363777
529591852
502478199
531263785
517222190
493279485
481185103
490122181
490119045
483244771
516908967
487924955
468591771
440960318
450474021
458434589
483432289
498763927
441485326
480220362
522297130
516141717
444715368
456543224
468392971
437583580
416230424
444234917
410527193
408960102
405703309
416085749
437326740
406837740
410751721
442321230
413527003
399686947
389296170
382240905
433079676
394883861
441394297
425651487
379507279
407587532
381197633
376204713
390060952
369917729
457553814
368952141
365926257
410282062
424186063
434010278
370100991
428211024
313889211
327485496
529597470
366446842
375419946
405086592
528729786
369811774
369813478
371508478
321961808
317597202
170606755
393370572
379743599
153361506
306425514
372889960
166771820
156849177
322487354
321826397
314992124
146408551
