710310595
747518410
747794987
733122887
724406961
729048808
727258593
712161070
707860342
693332955
637718317
632861924
622277688
624541320
624049017
631511657
625990985
603589032
598470417
593501722
593596526
599299683
593851118
592265608
571642359
554370981
558014244
542787093
521806549
558031150
526320458
524380397
530429635
509497517
508436021
508943536
524406323
510953897
505432831
510372349
503630134
503480773
475190202
510652353
490929381
496255215
478693269
493279485
475175791
499482867
502168094
478652957
477874468
490939220
479993956
442155535
444803014
472988171
460842164
464766605
454103593
462817211
433193073
439765757
454638351
456543224
440558158
438933817
413314847
444431064
401389691
437028819
413357665
389199584
413294944
409552653
439511569
415129973
433770835
432359496
394173309
377539909
399838969
403622836
408412281
419416068
403444357
420051437
366828050
375436578
377270053
376204713
404034908
376527689
375066747
328116701
389998111
415670137
375236927
360222131
312734124
369544709
396208089
331411124
361681768
