714598394
615180303
571472932
549394614
499564186
484593436
481727587
478370226
461494171
432349931
417570097
426754866
399346666
419503939
416019543
393750622
405500011
420895831
366713739
316110645
404977498
307536905
322048562
312281968
320179147
312728975
315823587
362672766
157489348
307182056
131368017
155926028
325442960
377395191
137903001
309120188
145496869
172977034
117958635
143199114
107110753
129903385
105850265
110119550
172505064
158143112
145209693
106503939
134689459
101459778
112015842
129652915
128725416
108966189
133435129
91889964
98723454
64281361
96217600
83268606
101872336
91040155
99760406
102896907
108261157
80751029
94014292
81279513
83254735
111295031
72470772
110006010
99349032
76523307
73689168
76935039
89804681
75317441
92373809
50739257
89198177
77933463
88552591
39742027
34172180
64028181
82511681
79826443
78381669
66324601
65587812
90852883
39865791
51137859
91416035
32347547
46455352
63270047
47194735
81282586
47185760
87412633
82255940
29490132
30314898
