744381058
758251083
733782317
731267515
724468696
621803534
616055021
603192070
615318680
579333225
576942375
558089867
560821171
563826201
554698028
544958610
545932116
534543447
514672204
499007516
483716261
526293664
515114293
473302107
461307530
450937012
485246553
468323176
486951031
460498812
450211335
453829026
467479257
421463878
484222732
412051833
446856361
455354961
507908406
447606919
454230355
451692533
458857362
422482479
403047505
420736503
399807715
433621424
463510808
387712223
362969651
414543409
386257236
374380496
371300170
366772168
359616292
405733645
392637720
377192702
389481551
365614748
393957491
368515548
373584919
169243099
159703128
324563316
157865891
165422476
423538724
329769267
375819843
161450341
141033066
144650286
133703275
163955593
134178192
123294090
111221399
126438609
371203025
127897194
139461709
109163926
165211773
157459241
110943637
171182818
155951473
118780260
119760682
115359133
115558773
113065898
136481330
101984408
81662699
106951743
80772820
83699315
118607701
78056125
101990648
