740152876
714097078
713356174
640242769
636966679
622954530
629440430
611307405
593596526
591754543
597807518
596801008
595699661
588502593
581532884
552199452
553615633
548405449
533119273
539944359
531873457
533854384
521509812
510256889
502051572
533183986
519842051
526672869
533599849
510652353
490448552
492860325
519913952
489755234
498301084
519736052
466557692
460331861
480005027
485742450
459934559
450266384
470304572
502564263
482466278
495542542
435718337
437696874
454199795
433354752
448657580
461083092
435104771
425962548
460214898
422854445
418782204
438039240
433519864
411375341
425925294
391099575
409071291
398948833
419606223
436931744
371826764
375227876
379848005
362016648
383838361
406007748
387873634
404083201
379039670
438032090
327813181
393671495
433178049
379967133
319303144
362257884
429548207
381412028
390339643
328984968
379865095
373951551
167314544
314508972
368139381
326444542
331982219
311997325
311485656
309410027
310222665
309924965
316454751
388159393
307199364
311502407
317597202
381709495
370818757
