573704859
519118660
483665320
510024480
487234035
426341835
409527729
323097642
416056409
312598918
318005499
365106949
316175994
150594030
318988572
156292593
158701045
156593025
138359734
151303436
110328076
117958635
145520766
104079149
108241153
158143112
107017164
85234039
90912954
85948895
77408452
95087241
110827260
117302332
111295031
95684813
125504064
93286621
96331294
99033889
53548188
74948386
107296087
75317441
108880183
80553071
54095786
62604427
97522141
87075284
64917256
60439968
68222315
67815323
44669530
33423816
80501945
41743432
68947998
66094313
87225065
84264497
62162253
25005487
25885587
60725072
44140156
46733083
39683232
63997202
21844180
26262547
43553638
25223261
26994717
30933030
6306855
17029618
9006962
9603943
22134534
21256141
14234628
10185819
2778760
12340140
12022270
706656068
637870799
628325259
615284078
599700868
576316965
546271709
544498589
521825465
527529163
486303445
448057773
436242179
102853699
441950174
417753324
424869095
428590028
