758176730
726676006
718346554
710486013
701535315
704712255
690229608
653031698
645211845
648905532
650618770
650523288
646807893
636959747
642386905
636216281
635360362
624541320
623735182
628134674
615180303
616677063
619547371
596156295
601366101
608627530
607377860
578225282
574097036
570337575
565589926
564966607
565780133
580763310
578652161
586020350
560375765
544658715
576621470
561465795
544645770
530949760
560100249
526238949
553530222
553001736
548197683
531517579
519118660
531712644
528176036
552776960
540543971
527405823
524380397
535306305
513197707
522020063
524070613
490292121
514483117
525206355
514690380
492702048
489039901
486899256
531845069
492702039
493753604
469708961
475432414
469610350
498747467
471625968
503670048
474888947
492667903
472205466
510481675
469287262
504417496
462019397
497990515
493247208
478331128
485638418
474610541
460856603
452068273
480977621
435739009
491303952
480271109
454633539
457776240
460529238
441658772
462521838
442538213
443592163
467199607
422850794
447263649
436965906
462253391
