605613765
539694194
505629012
493105778
472730790
479582169
461033728
433228852
326777432
416076081
422091446
376223989
364100953
315357210
156705357
156200966
378843118
120213287
118029460
116902278
124276171
107502180
115309208
108717475
108231371
109199440
116985108
116563433
101478754
92553509
108291232
86861264
90656697
105040552
134201277
97951225
109243988
103056418
94106397
109146003
111219089
86952720
87371506
104001494
95053235
79420034
94890600
95701929
104333814
56398613
72484867
96492304
86833431
59739219
66823630
121527144
72230110
77781468
75083356
77218861
133388250
98854189
98329439
69474538
67359086
99591024
53767306
108188364
69141355
87218886
68720536
67067411
35488754
48504555
52319350
71104211
77802076
47850977
91217439
37177485
79413598
48744603
45752708
62239339
65972682
54995165
72360096
37171696
80124347
59443971
26524117
98922957
28934240
96049888
90549829
51974900
86438090
25421024
20577629
26463512
42006528
23703799
70349621
42092650
47180320
