758176730
627263670
611677622
589864631
607203241
561611669
561456159
518102798
470110699
492048001
445864890
412528130
423781061
368997768
414916758
395081863
400112626
404931456
315349515
390523848
373763406
391380845
170954950
364411309
316175994
165111532
370602306
149467337
167103958
394232213
320251934
324321437
138359734
170429738
143218209
104007761
315594467
154770872
362649035
156333433
109500421
108368306
127378912
157560000
100234031
158143112
112440918
129652915
84581571
151558492
98708194
78301574
112126219
112641512
112124956
130076056
97158763
99388440
79380770
97341696
83264237
93286621
84198149
57087465
111199747
111939400
81343916
67103271
95262664
107906310
70775595
85474998
64693633
102069232
65127255
65833597
95500573
100300936
83682263
73479584
101454542
95828668
94803181
102056990
99826915
69389738
37642881
80525016
32545145
54047207
45883096
98570244
84819367
52256737
65332197
60792598
57658830
74265936
88024018
35089421
27842472
49717221
39768913
75466373
59394836
