760595064
594277894
728981890
721015141
758685273
747518410
745688704
747794987
742591247
736534910
733122887
732473740
733714361
732373693
736342985
736987760
727047864
726228034
724406961
729048808
728273081
724710906
722814503
717650125
721075579
709196925
714097078
710586679
710486013
708477487
711430502
712299048
713356174
706278307
706224287
705922101
707277791
702427005
693545240
692029375
696174417
651468073
693332955
693321325
646840143
691465241
649048229
639748708
650440397
649897332
644720353
650864812
646158690
639126601
636994316
642475802
643494174
642787086
634770807
635816787
640273309
629347290
621155019
620092388
627263670
643525970
633823671
711881896
638804622
630313013
615485109
609399925
603589032
611812131
618582694
598782269
607138638
598755068
603132384
614127693
590732385
588661675
590880801
599299683
586904704
591754543
597807518
578963016
588309787
581448731
583897738
592187850
595699661
581589631
575086210
568832291
583683509
563942723
569324241
581532884
580763310
558781183
578162715
571642359
567259319
