758685273
757439549
736534910
732373693
721075579
711822357
711881896
706278307
698819547
692029375
694287750
646840143
646158690
642885612
642787086
629347290
630143983
612530993
591863914
595943545
575273727
554557890
582236743
554514115
553964244
559218250
557996763
523569696
578999921
535799769
547087584
546193619
536323999
520797801
510190176
572536705
552488540
522276495
522672417
518899781
533119273
515766504
527459221
503381448
529942505
532574503
525916584
540825982
522045260
639126601
500852804
513943513
499761920
540363777
502478199
503480773
490140846
490432552
496255215
466225104
586904704
519394400
614478628
538960332
517222190
578963016
528839993
481185103
517996883
509469762
490122181
479466108
503057158
559756097
467086336
520228165
551899519
474113994
489637561
470741606
487924955
495864157
503256316
498205709
536804459
552547524
456822845
558255966
472988171
470304572
478224125
460842164
484163061
493839241
464372287
482466278
439484002
440301142
467055867
467080096
474103668
452257988
451012178
437441009
474147013
