721015141
745688704
702427005
629440430
598533120
572918883
551823748
538896360
492641343
512272290
520087861
488920822
488884353
460957710
484701018
474243422
444072474
444234917
436931744
427381184
415016003
362016648
407981983
383411452
453756625
409428210
369251789
416056409
394335427
361716739
404977498
323466156
310819699
312345297
385826818
320889631
394232213
331573944
103615850
109317599
137469668
319391092
143510954
136832240
163070346
172587093
145735839
80176213
87630834
149105420
81856656
157710390
120213762
144556333
113725537
85590427
80751029
110266513
110352784
110682127
118484703
130754844
89804681
99285860
74838989
80720829
44920258
99889315
35875917
59488920
49915509
72539575
88387355
91360375
39811489
82012950
34820767
58306347
98431323
60439968
85685648
37290183
25417131
47850977
62476365
41743432
109442268
39735659
36053284
90839656
30140881
73515092
14232472
55328675
6075294
9679924
59440098
47441202
9277020
47863107
61799964
8959020
21407652
34170253
3023315
