635360362
565780133
540543971
526995365
482655706
488276572
392103803
413750662
371826764
370375044
380427735
392343488
426830942
326067461
365614748
368032472
173827967
172198710
171090295
322544638
365106949
156936760
362672766
371803950
128563411
110459831
361584584
110328076
327129863
360414286
129915997
95150999
109622860
138915017
97419312
108388923
98209679
120050636
110119550
95540940
137469668
76906354
100799251
80661608
120840537
131734506
79001108
115161718
83848216
84979570
69325611
98824764
101359387
99253231
76724205
99440223
110902620
93286621
72470772
70682754
80204532
79778141
92853794
85164814
98240268
93786608
66543190
85872090
105798672
70639767
136848893
53064940
66327332
34172180
41486299
112247779
73992238
84816353
65835771
65584063
92062179
91961910
39048592
82036738
83634346
31107271
26163861
38625929
61710777
27777689
68001723
88290575
32709873
82481909
50877202
91155227
66470524
75949766
46792068
68498194
37785820
61849429
57122585
86213815
98742121
