584762808
565579226
493600449
517581428
490032841
516141717
437441009
455632385
438470671
409506930
383493704
397957470
443557215
381412028
164785950
428672217
327671397
164786677
369831244
321246961
126828315
320300936
159647721
152195313
120712716
118289201
117120538
152751785
114334616
113314453
86938236
98555801
144248427
100644904
163038684
82360912
157753043
75643063
62291403
92270283
139148571
105482317
112409896
82932068
83356108
94891926
88707714
83608281
48014350
97130221
64286072
74361809
35909810
56259329
83188514
45604509
33822438
53261618
57562530
61299355
43573869
74252042
32109106
44937966
47892519
89277586
79127357
25346041
24127694
26404215
45997842
39577893
37472554
15727741
36030549
11377166
8931266
9044858
8517314
23733481
5817641
2020101
646705478
643053309
602020189
164758323
545586672
546814057
510879536
463226712
467379476
411573539
328124480
159928877
138411049
125692173
117616498
111293528
110819816
100888244
116050093
112004912
107379918
88821276
80810435
