721015141
758685273
757439549
710310595
740152876
740843438
736534910
732373693
736342985
736987760
728438549
717650125
721075579
714097078
710586679
710486013
713842353
708477487
712299048
702453759
701535315
706278307
706224287
705922101
707277791
699207841
698819547
693545240
692029375
696174417
694287750
693772784
651106892
691724480
651788235
646840143
650523288
651982518
644720353
640242769
646158690
639126601
636966679
642475802
637566851
642787086
637448605
640273309
637754830
624541320
633823671
625990985
628835100
628134674
630313013
630143983
610219424
615485109
618275892
609399925
613482996
611307405
616809515
711881896
618582694
598782269
598755068
591585623
594243151
588661675
590880801
595600098
617605190
591863914
586904704
614478628
597807518
578963016
581448731
588936021
592187850
566527372
568832291
582015146
563942723
588857110
581532884
580902145
558781183
582337886
567259319
551899519
545279576
551902217
567766703
556258141
578135122
563763631
582236743
552290021
553964244
536804459
555808485
567584838
557996763
