725568495
691465241
630781402
638899041
629574941
612530993
579333225
595943545
558519610
567584838
557996763
548093292
533197318
538623759
540543971
528338646
524722454
518899781
541551972
541838871
522260548
510256889
531502519
534247369
525957448
501823548
524859231
478466765
480200573
517437146
478946556
499977695
508331450
507198828
519736052
501764046
442155535
490032841
441888322
467199607
485288631
482160252
493021228
512497942
438866505
427682833
469116526
430373549
448204431
431612583
437267999
477639392
406177645
363654077
386647820
394046169
436413155
429527277
360062344
376069963
381782560
386480535
383640278
426194129
436396429
375602682
377781631
387150386
363551547
415506136
368337689
361631853
324868673
375419946
368767710
313174192
377284867
386665356
363613817
375561762
317129017
371189515
171095625
313142357
166845209
367330904
331716178
140953671
323455192
309616030
147282477
169990036
370380577
131149502
148179477
116539237
134391993
166112914
171846347
313888510
165156703
157499063
111596073
144592594
140793790
