694594953
651788235
643298683
643560279
630529043
652482184
637381763
634770807
599142115
585970336
571472133
550994494
576124317
561419094
563958257
607918913
547979881
562679879
545932116
526768736
539694194
514947114
528332262
544384703
516112812
492843611
484323211
499225166
503311851
486814508
483087670
450719931
483066011
435679464
479128484
444618290
437414576
469478621
466274335
400273912
390783436
418865210
392030946
405703309
410451762
410291102
366850364
367304324
381941597
444820010
438375037
417850811
428192974
369642821
413647086
376529297
410791349
400112626
379550555
307390479
388767565
313617826
381174594
168780705
400232387
383688030
311355255
373270870
320161622
367718369
172595349
144293485
360098690
318489344
152431555
150847201
143543126
363131174
310217887
361266723
172545455
311004731
165193735
115882749
163034743
145375319
110943637
134551586
103855351
110377200
142349988
98062372
114543747
112440918
114559085
102099261
77875184
95276507
165269721
80608355
92381830
78085757
88792407
85590427
101554062
