740152876
740843438
697857474
699207841
698819547
693772784
691724480
648705268
646129438
640242769
636994316
625990985
628134674
621803534
613283542
607377860
609130802
588905099
592187850
589426565
582015146
592894821
581539992
567259319
567766703
549579429
543948959
571615809
572613024
545822465
555808485
548095172
548405449
557060888
560100249
540901265
531712644
537580892
550125807
562257502
535558356
559736584
556426708
532648027
522276495
529368830
540476229
521722509
529846938
521405055
544793414
548685532
522260548
533804177
509020206
511695152
534464477
502051572
496993907
508943536
528662727
503872899
491633141
519842051
538327358
517472304
483565844
494453549
528451908
503630134
521486295
534997933
525998610
532844441
486099244
479454060
502040891
495361382
525100963
478946556
473302107
473773674
508962600
484055529
468233586
507373497
487152743
477714818
499146050
499790612
476843137
476533122
471853885
459785572
469962932
464159092
464610457
461975416
456976575
457776240
479348452
444803014
442538213
449114009
471249846
