754024661
699207841
651106892
646548465
646129438
622954530
624744550
623937946
598470417
593596526
593842692
593851118
595699661
597822719
580902145
576445135
607918913
560065939
571615809
564638266
553964244
554264269
579542802
570351407
530269003
535799769
547215348
531712644
558031150
546247116
527019982
507552864
533119273
515766504
544793414
521509812
505772716
533804177
502051572
510754918
525957448
501741669
491633141
520898014
509450688
529553288
510652353
515114293
490448552
492860325
502661648
498301084
491815145
467469488
490119045
466113377
490939220
458945175
485742450
479993956
480986236
485246553
444236380
476439182
468292681
456976575
461960022
504517672
475022617
459934559
450266384
450474021
435493896
446087347
448716750
445967812
493839241
430117925
480220362
464728067
437507469
428510986
475201026
447331177
466645509
466648513
433354752
464818164
448657580
441374881
523275570
425962548
391125700
450705633
437028819
446520873
439842737
460116341
444062651
428681070
409558438
410527193
405645578
398897622
416085749
