736058821
746984810
759153394
744381058
756543818
758106745
756027780
754024661
745146438
749021123
739121492
739071258
740357872
737535139
740857150
733787899
733782317
730426023
734019883
733182247
731267515
723609586
728273081
724710906
725568495
716136265
716360960
716626478
716285984
714871062
713842353
714598394
711845605
701569273
705996331
700814566
705123491
698720887
705393795
697601210
698171803
695848000
694653464
692469559
691394551
652762973
652200703
695562399
688588727
644883057
650440397
649897332
649646170
651238115
643560279
630529043
635550377
628879062
630749887
633322322
622277688
628954650
627588337
622064425
634113853
624649904
708803655
632965756
633869621
653039696
629233197
702531269
704718426
619070815
618706112
608856614
615525041
618244102
608846334
611759363
604667405
597003652
597005164
596987194
596157875
608776794
602119310
596346864
590401501
598751358
580630743
596234473
590990878
586323067
585970336
577991289
596864795
582015146
580902145
585111327
576445135
569020058
578647303
564322156
550994494
