471117882
520782058
475806310
400299453
397384062
420748602
382971379
381131383
327673707
312281968
165490642
156109135
326040101
138839303
102463641
137458610
167281125
109494353
111007328
156568603
104506733
106654885
135082715
114036133
172909486
99876060
108439184
83111032
94129032
100076121
103993403
68323472
73609169
62283902
84324609
57939881
90795127
88145323
72378431
55990720
95812943
66924563
109642871
54594495
85733413
51321120
34723209
42378147
71368783
61159628
55975969
95126132
44296026
35909810
77976589
55793856
63908834
59705174
29198272
45604509
37009322
63560929
49519236
54323408
34542541
12981779
80066237
49715254
20749852
12764110
55503203
43509690
59137952
8341648
9492946
23231841
51807110
42621873
47163993
48729455
37825425
14941442
42045776
9767204
16789618
8709455
39564780
19530241
48732271
4924443
687449
29386229
23686114
33820627
9398855
255553
3486766
3028475
741528492
634623322
586446089
585656938
577995374
505812277
496503571
