638899041
594747441
590732385
599299683
581757179
571472932
569538230
534241645
521722509
509020206
510344714
499482867
473255574
475806310
400541624
397169491
397384062
399346666
396889300
444068702
420748602
419352449
414304733
371300170
404313584
332018513
327673707
306983782
384291790
312281968
169178900
150855355
163574354
324395785
160235747
135595185
326647280
413766409
165490642
156109135
149599963
151438098
316744062
162019908
323826435
139786906
117937164
307928414
105415765
142437434
112558381
102656381
111007328
124767270
110208984
359996320
104506733
140786447
112836858
110377200
104074624
91126594
106503939
152751785
114036133
327253567
80772820
87772781
113314453
95175960
83182890
97313602
99821614
91889964
91997799
77664986
81461210
87763506
99069908
86320656
64281361
106390384
105744112
83111032
84980007
88653759
103993403
68323472
103142849
63693815
93453422
98256842
79380770
65054245
83853827
62283902
83856696
103150728
68306703
99349032
99736079
91519614
88145323
70066157
87535705
