641446069
598898618
544658715
570348420
544074231
572536705
548513674
525206355
467973219
460856603
481017776
444551525
438400085
446263777
428510986
462958772
414588791
484793264
451941876
392986672
363654077
368529707
370918578
430804531
364864549
390405304
363441634
330857706
366772168
374887467
365275682
372542912
378493686
325561636
316372227
377284867
331457317
397350662
160007405
317566017
313812113
361935849
411814495
366237483
309331233
314581100
162591144
323207654
112403828
116539237
570354190
570351407
310230899
163455732
124708439
132094509
112466233
119285424
107914210
329732470
319597710
108153118
134576406
152187160
108023418
160886719
128039136
148524745
155514687
126604609
133032527
154639268
112957152
109086929
370870270
98754333
135938163
135636831
105751894
111580598
393559999
96867166
96314299
402572086
395540815
113397204
103027471
118874562
69688997
71503636
143061109
120258632
78234292
114331097
97078746
81058148
123002545
81033550
99172881
70678685
65278511
99134132
119098198
360026502
97437796
