712686755
641446069
636620848
542787093
519977571
563340414
513723652
525108728
528424029
511543454
534951017
521849700
509272367
452068273
465832623
445000979
449352206
474521201
429548214
463308035
433082361
430373549
405611911
451692533
447421936
412608881
422790988
374644248
364864549
368347337
374409743
330857706
365275682
325134978
368482708
375870180
310692271
361681768
318360776
314653760
381472364
168533607
314718438
319253076
307770950
322544638
312847234
162243418
327166840
150579143
153046529
162591144
131306237
118532063
160264426
316420612
173881076
174008715
124690607
132956193
148496585
112711043
140589042
111229530
123816044
139461709
127099391
114383935
115276263
112558381
105327099
97962878
118922617
93230949
518602563
91780275
95496420
95594604
110463403
99885254
79372899
104097485
91223259
144624044
86953779
82300950
95992137
112440918
86298295
95740150
86291643
81257473
81256396
81251255
77874036
77885028
108663531
86837306
91336301
79053397
75825742
82220317
106803320
99253231
69845383
