758106745
752937801
749021123
739121492
593496993
526293664
508487593
464456821
461792336
465917169
467383359
467479257
454964370
473717422
399443851
449170963
395448588
446586417
405459119
445553614
414425269
369583813
437729661
428211024
418982767
315794659
307277647
147579307
147971806
147471483
125659126
383023136
156200966
152401068
127678791
308113430
123463368
152398196
102774299
152319252
112807165
102796148
109683954
100712280
117220299
130634723
124077588
77289895
93707241
116797431
97383738
73530359
72751590
70533828
79825724
68483946
80088439
145621929
153447700
122076783
66490548
111094588
100760946
101297579
64608336
99137388
97484341
122124524
99378217
78284907
81343916
114700248
98741555
63781839
74630862
108733983
108989807
66226288
39087496
37917950
71356993
65587812
89381990
60683689
99279921
56966291
38733337
52319350
64633288
28172659
46437175
69322341
36053284
92682764
79957219
14770193
16820387
67140695
37852189
64840414
26329357
21791911
36568971
14232472
11891195
