508436021
468931329
433618494
403836874
316338663
156705357
377764852
124257450
118029460
110997780
104977512
113953913
108231371
110950360
107011540
93836662
99657950
101478754
91438778
86861264
96371592
97951225
89806156
109146003
100802184
100925252
95701929
100372534
72484867
36822225
77781468
57983047
39250989
61069982
70149851
67587854
79707286
74630862
78139290
53767306
108188364
69141355
39476690
43739416
74109157
47584458
91217439
68186334
38127319
54995165
31493873
46527111
28934240
34117902
26463512
47180320
38163939
45595950
25649466
25075775
13413770
47194361
58274729
31965958
7819014
22029303
50948921
20529360
4985227
9689037
16471246
26362179
25283199
18905030
12280735
5886797
4169309
18897393
20529189
20646177
23922821
23628598
25098362
6842364
798945
16895042
27899512
24339110
10486648
11865742
11343380
1573504
5123297
3090308
6481099
11325305
744811
3472201
702346813
439967645
128995744
126962621
108928695
105003672
95857709
