631148257
583004327
585401354
585111327
553440369
557060888
527020473
489270858
465297820
473912957
451034509
464610457
446716510
436076474
430852544
434687869
421294957
444655255
420064590
412320364
432359496
363471593
365926257
373253061
368562151
364598782
371389741
361346097
170899708
386670211
321220443
364505127
390307870
315638639
386665356
151467379
160501092
371246668
165371143
325532218
171846347
170412867
363952053
123463368
135329734
111108753
327129863
96764816
111921195
107259141
112153610
111842507
144617098
312726146
109137908
109038030
109464444
100346581
112788187
94820063
84452563
85032461
69860949
94727994
138776235
101796445
110153506
85031236
108291232
108911111
71949875
80742573
91250837
108767364
102024675
74104913
68142820
109428093
82398317
102845654
93684395
81405191
89091504
79825724
75832901
108815968
71736268
60079540
111775852
55464827
87210013
78040367
94596477
47341532
50060173
98765721
113441913
85154971
58414584
77239069
100050717
73241135
85028695
99328051
64047958
