759153394
756773471
745146438
729913476
730426023
726239497
726228034
718346554
733182247
702531269
697857474
652200703
648705268
649646170
646129438
693129484
648327584
621155019
619070815
608856614
615525041
603192070
615318680
611398329
608776794
602119310
614127693
590401501
602408873
602710788
596234473
580273110
581589631
565589926
579333225
577849067
574746414
576942375
578162715
577969663
558089867
569784974
559197554
558925036
566430730
563826201
545031614
548095172
576559093
554752857
555255796
557060888
538436450
526238949
531613447
545626123
528176036
547522638
526320458
559249111
557709307
554027135
525610658
532095593
534773499
531739512
547742464
535306305
532974752
539944359
525549316
514672204
553603927
511404459
527459221
530122087
531937357
618706112
608846334
522634937
503146035
534951017
537321414
580630743
501989383
536359367
502440928
489816318
479816390
490038836
515114293
499030965
491000612
504848688
509272367
525100963
484404755
513559035
502419075
502661648
464062263
462019397
502259131
463942975
483293316
