705123491
629440430
581448731
561611669
498376876
433698145
447421936
436318360
367304324
381583584
320653199
391380845
397061088
144281421
419368748
137214213
102883435
130473681
110352784
133344025
137628371
96433681
62858436
104390414
96490109
99889315
88387355
65584063
82012950
50535582
95610705
43042336
94759731
44383298
103054030
70151033
53986852
91607833
20687523
46733083
45507574
17673063
14333658
37854810
43089435
40893412
9374114
43156324
4060804
9990252
3448634
1198720
2020101
687758
643829
717931227
703464130
653182086
693266512
690198945
638597288
641191678
495768460
464389462
424783206
406056151
330397627
307907551
162479720
111053239
71199832
71720774
40504799
35871314
41271895
39811633
643709425
35115479
4806308
2799884
569665367
536235867
518958149
519933820
459145850
441484338
427784089
436459558
415333021
387914721
379356227
370434211
380816383
162819728
137304886
144523642
116372953
111077243
106083034
99283547
99330357
92865646
99683852
99774775
99502338
