535231668
722814503
642885612
624698190
612835133
594747441
588936021
581757179
583326047
569538230
547215348
499310952
520709966
540080155
500883248
500282249
503480773
529553288
495358850
482256233
481873219
460129859
481505626
495785985
474113994
489637561
481017776
459115691
488276572
466574078
467199607
438400085
474147013
430423526
446450593
493508355
412745064
471967494
437097435
410339418
396227072
391359836
474412278
384943566
384170621
419352449
438244776
416535297
414213433
371614845
429548207
377607155
367427197
381131383
328760222
414161580
439129549
326148710
321722853
424445595
328661135
323848458
378584248
371189515
169178900
369733358
314805775
153163758
370297722
149434599
165203451
167952238
136985626
135595185
155384544
152407567
139910156
166102207
156109135
319620173
149599963
123543893
323829072
142818653
165285298
113836105
125643572
314343392
167779688
138839303
151497551
101207382
156107746
134576406
139533017
137458610
117422358
455632385
111890422
102656381
325160010
114318411
91717219
155938425
109494353
